0 136 67 86 89 119 10 130 141 144 28 121 30 24 182 8 149 160 45 109 93 5 22 126 107 63 139 116 186 131 190 34 134 87 46 72 37 174 113 128 2 176 138 195 84 98 187 124 59 199 33 49 47 76 137 62 177 11 155 193 112 12 143 110 82 9 153 179 75 171 57 77 41 106 181 27 43 169 25 92 165 61 21 79 29 16 52 19 114 159 48 71 189 103 146 69 148 142 191 1 64 13 156 91 125 166 175 40 194 39 74 95 78 184 32 20 4 145 60 168 198 96 101 108 118 38 80 104 36 58 7 42 85 133 180 158 35 135 100 68 172 94 162 31 115 173 151 117 73 51 26 164 197 70 111 185 183 150 88 90 65 18 105 55 129 66 53 167 50 56 44 23 188 99 132 196 17 15 120 161 157 140 154 123 81 14 192 6 170 54 3 97 163 102 83 152 147 178 122 127
159 189 48 71 127 122 178 147 152 83 102 163 97 70 111 185 183 150 88 90 65 18 105 192 14 81 123 161 157 140 154 120 15 17 196 132 99 188 23 56 44 6 170 54 31 162 155 11 177 62 137 76 47 49 59 199 33 124 187 98 84 195 138 176 2 128 113 174 37 72 46 87 134 34 186 116 63 139 126 107 131 190 109 45 160 182 24 8 149 5 93 22 67 0 136 86 172 94 89 119 10 130 141 144 28 121 30 166 91 125 193 112 12 143 110 115 173 3 50 167 55 129 66 53 117 151 73 51 26 164 197 165 61 21 79 29 16 52 19 114 43 169 25 27 181 171 57 77 75 179 92 153 9 82 156 13 64 1 191 142 148 69 146 101 96 20 32 184 42 78 95 74 39 194 175 40 100 135 35 158 180 85 133 68 7 4 145 60 168 198 58 36 104 80 108 38 118 103 41 106
44 56 23 188 99 132 196 17 15 154 140 157 120 161 123 81 14 192 105 18 65 90 88 150 183 185 111 70 97 163 102 83 152 147 178 122 127 71 48 189 159 114 19 52 16 29 79 21 61 165 197 164 26 51 73 151 117 53 66 129 55 167 50 3 173 115 110 82 77 57 171 75 179 9 153 92 25 169 43 27 181 41 106 103 118 38 108 146 69 64 1 191 142 148 101 96 198 80 104 36 58 168 60 145 4 20 32 184 78 74 95 42 7 68 133 85 180 158 35 135 100 40 175 194 39 166 30 121 28 144 130 10 119 89 136 0 67 86 172 94 139 63 116 186 107 126 93 5 22 141 149 8 24 182 177 11 155 193 112 125 91 13 156 143 12 31 162 47 76 137 62 160 45 109 190 131 34 134 87 46 72 33 49 199 59 124 187 174 37 113 128 2 176 138 195 84 98 170 54 6
137 76 47 49 59 199 33 124 187 174 37 72 46 87 134 34 131 190 126 107 186 116 63 139 94 172 89 119 130 10 0 136 86 67 22 5 93 109 45 160 8 149 121 28 141 144 100 135 35 158 180 85 133 68 7 42 95 74 78 184 32 20 4 145 60 168 58 36 104 80 198 96 101 108 118 38 189 48 71 114 43 169 25 27 92 173 3 50 167 55 129 66 53 117 151 73 51 26 164 197 165 61 21 79 29 16 19 52 122 127 178 147 152 83 102 163 97 70 111 185 183 150 88 90 65 18 105 192 14 81 123 17 15 120 161 157 140 154 138 176 2 128 113 195 84 98 196 132 99 188 23 56 44 6 170 54 162 31 115 110 143 12 112 193 125 91 13 156 82 9 153 179 75 77 57 171 181 159 106 41 103 146 69 148 142 191 64 1 39 194 175 40 166 30 24 182 177 62 11 155
61 21 79 29 16 19 52 122 127 178 147 152 83 102 163 97 70 111 185 183 150 88 90 65 18 105 192 14 81 123 161 157 140 154 120 15 17 196 132 99 188 23 56 44 6 170 54 162 31 115 110 143 12 112 193 125 91 13 156 82 9 153 179 75 77 57 171 181 159 106 41 103 146 69 148 142 191 64 1 74 39 194 175 40 166 30 24 182 177 62 11 155 137 76 47 49 59 199 33 124 187 98 84 195 138 176 2 128 113 174 37 72 46 87 134 34 131 190 126 107 186 116 63 139 94 172 89 119 130 10 0 136 86 67 22 5 93 109 45 160 8 149 121 28 141 144 100 135 35 158 180 85 133 68 7 42 95 78 184 32 20 4 145 60 168 58 36 104 80 198 96 101 108 118 38 189 48 71 114 43 169 25 27 92 173 3 50 167 55 129 66 53 117 151 73 51 26 164 197 165
101 148 142 191 64 1 39 194 175 40 166 30 24 182 177 62 11 155 137 76 47 49 59 199 33 124 187 174 37 72 46 87 134 34 131 190 126 107 186 116 63 139 94 172 89 119 130 10 0 136 86 67 22 5 93 109 45 160 8 149 121 28 141 144 100 135 35 158 180 85 133 68 7 42 95 74 78 184 32 20 4 145 60 168 58 36 104 80 198 96 108 118 38 189 48 71 114 43 169 25 27 92 173 3 50 167 55 129 66 53 117 151 73 51 26 164 197 165 61 21 79 29 16 19 52 122 127 178 147 152 83 102 163 97 70 111 185 183 150 88 90 65 18 105 192 14 81 123 17 15 120 161 157 140 154 138 176 2 128 113 195 84 98 196 132 99 188 23 56 44 6 170 54 162 31 115 110 143 12 112 193 125 91 13 156 82 9 153 179 75 77 57 171 181 159 106 41 103 146 69
142 191 64 1 39 194 175 40 166 30 24 182 177 62 11 155 137 76 47 49 59 199 33 124 187 174 37 72 46 87 134 34 131 190 126 107 186 116 63 139 94 172 89 119 130 10 0 136 86 67 22 5 93 109 45 160 8 149 121 28 141 144 100 135 35 158 180 74 85 133 68 7 42 95 78 184 32 20 4 145 60 168 58 36 104 80 198 96 101 108 118 38 189 48 71 127 122 178 147 152 83 102 163 97 70 111 185 183 150 88 90 65 18 105 192 14 81 123 17 15 120 161 157 140 154 138 176 2 128 113 195 84 98 196 132 99 188 23 56 44 6 170 54 162 31 115 110 143 12 112 193 125 91 13 156 82 9 153 179 75 77 57 171 181 27 43 169 25 92 173 3 50 167 55 129 66 53 117 151 73 51 26 164 197 165 61 21 79 29 16 52 19 114 159 106 41 103 146 69 148
126 190 131 34 134 87 46 72 37 174 187 124 33 199 59 49 47 76 137 155 11 62 177 182 24 30 166 40 175 194 39 1 64 191 142 148 69 146 103 41 106 159 114 19 52 16 29 79 21 61 165 197 164 26 51 73 151 117 53 66 129 55 167 50 3 173 92 25 169 43 27 181 171 57 77 75 179 153 9 82 156 13 91 125 193 112 143 110 115 12 31 162 54 170 6 44 56 23 188 99 132 196 98 84 195 113 128 2 176 138 154 140 157 161 120 15 17 123 81 14 192 105 18 65 90 88 150 183 185 111 70 97 163 102 83 152 147 178 122 127 71 48 189 38 118 108 101 96 198 80 104 36 58 168 60 145 4 20 32 184 78 74 95 42 7 68 133 85 180 158 35 135 100 144 141 28 121 149 8 160 45 109 93 5 22 67 86 136 0 10 130 119 89 172 94 139 63 116 186 107
74 78 184 32 20 4 145 60 168 58 36 104 80 198 96 108 118 38 189 48 71 127 122 178 147 152 83 102 163 97 70 111 185 183 150 88 90 65 18 105 192 14 81 123 17 15 120 161 157 140 154 138 196 132 99 188 23 56 44 6 170 54 162 31 12 115 110 143 112 193 125 91 13 156 82 9 153 92 173 3 50 167 55 129 66 53 117 151 73 51 26 164 197 165 61 21 79 29 16 52 19 114 43 169 25 27 179 75 77 57 171 181 159 106 41 103 146 69 101 148 142 191 64 1 39 194 175 40 166 30 24 182 177 62 11 155 137 76 47 49 59 199 33 124 187 98 84 195 176 2 128 113 174 37 72 46 87 134 34 131 190 126 107 186 116 63 139 94 172 89 119 130 10 0 136 86 67 22 5 93 109 45 160 8 149 121 28 141 144 100 135 35 158 180 85 133 68 7 42 95
1 64 191 142 148 69 146 103 41 106 159 114 19 52 16 29 79 21 61 165 197 164 26 51 73 151 117 53 66 129 55 167 50 3 173 92 25 169 43 27 181 171 57 77 75 179 153 9 82 156 13 91 125 193 112 12 143 110 115 31 162 54 170 6 44 56 23 188 99 132 196 17 15 154 140 157 120 161 123 81 14 192 105 18 65 90 88 150 183 185 111 70 97 163 102 83 152 147 178 122 127 71 48 189 38 118 108 101 96 198 80 104 36 58 168 60 145 4 20 32 184 78 95 42 7 68 133 85 180 158 35 135 100 144 141 28 121 149 8 160 45 109 93 5 22 67 86 136 0 10 130 119 89 172 94 139 63 116 186 107 126 190 131 34 134 87 46 72 37 174 113 128 2 176 138 195 84 98 187 124 33 199 59 49 47 76 137 155 11 62 177 182 24 30 166 40 175 194 39 74
87 46 72 37 174 113 128 2 176 138 195 84 98 187 124 33 199 59 49 47 76 137 155 11 62 177 182 24 30 166 40 175 194 39 1 64 191 142 148 69 146 103 41 106 159 114 19 52 16 29 79 21 61 165 197 164 26 51 73 151 117 53 66 129 55 167 50 3 173 92 25 169 43 27 181 171 57 77 75 179 153 9 82 156 13 91 125 193 112 12 143 110 115 31 162 54 170 6 44 56 23 188 99 132 196 17 15 154 140 157 120 161 123 81 14 192 105 18 65 90 88 150 183 185 111 70 97 163 102 83 152 147 178 122 127 71 48 189 38 118 108 101 96 198 80 104 36 58 168 60 145 4 20 32 184 78 74 95 42 7 68 133 85 180 158 35 135 100 144 141 28 121 149 8 160 45 109 93 5 22 67 86 136 0 10 130 119 89 172 94 139 63 116 186 107 126 190 131 34 134
12 31 162 54 170 6 44 56 23 188 99 132 196 138 195 84 98 187 124 33 199 59 49 47 76 137 155 11 62 177 182 24 30 166 40 175 194 39 1 64 191 142 148 69 146 101 96 108 80 104 36 58 198 168 60 145 4 20 32 184 78 74 95 42 7 68 133 85 180 158 35 135 100 144 141 28 121 149 8 160 45 109 93 5 22 67 86 136 0 10 130 119 89 172 94 139 63 116 186 107 126 190 131 34 134 87 46 72 37 174 113 128 2 176 154 140 157 161 120 15 17 123 81 14 192 105 18 65 90 88 150 183 185 111 70 97 163 102 83 152 147 178 122 127 71 48 189 38 118 103 41 106 159 114 19 52 16 29 79 21 61 165 197 164 26 51 73 151 117 53 66 129 55 167 50 3 173 92 25 169 43 27 181 171 57 77 75 179 153 9 82 156 13 91 125 193 112 143 110 115
45 109 93 5 22 67 86 136 0 10 130 119 89 172 94 139 63 116 186 107 126 190 131 34 134 87 46 72 37 174 113 128 2 176 138 195 84 98 187 124 33 199 59 49 47 76 137 155 11 62 177 182 24 30 166 40 175 194 39 1 64 191 142 148 101 69 146 103 41 106 159 114 19 52 16 29 79 21 61 165 197 164 26 51 73 151 117 53 66 129 55 167 50 3 173 92 25 169 43 27 181 171 57 77 75 179 153 9 82 156 13 91 125 193 112 143 110 115 12 31 162 54 170 6 44 56 23 188 99 132 196 17 15 154 140 157 120 161 123 81 14 192 105 18 65 90 88 150 183 185 111 70 97 163 102 83 152 147 178 122 127 71 48 189 38 118 108 96 80 104 36 58 198 168 60 145 4 20 32 184 78 74 95 42 7 68 133 85 180 158 35 135 100 144 141 28 121 149 8 160
178 122 127 71 48 189 38 118 108 96 198 80 104 36 58 168 60 145 4 20 32 184 78 95 42 7 68 133 85 180 158 35 135 100 144 141 130 10 0 67 136 86 119 89 172 94 139 63 116 186 107 126 93 5 22 109 160 45 190 131 34 134 87 46 72 37 174 113 128 2 176 138 195 84 98 187 124 33 199 59 49 47 76 137 155 11 62 177 182 24 8 149 28 121 30 166 40 175 194 39 74 1 64 191 142 148 101 69 146 103 41 106 159 114 19 52 16 29 79 21 61 165 197 164 26 51 73 151 117 53 66 129 55 167 50 3 173 92 25 169 43 27 181 171 57 77 75 179 153 9 82 156 13 91 125 193 112 143 110 115 12 31 162 54 170 6 44 56 23 188 99 132 196 17 15 154 140 157 120 161 123 81 14 192 105 18 65 90 88 150 183 185 111 70 97 163 102 83 152 147
80 108 118 38 189 48 71 127 122 178 147 152 83 102 163 97 70 111 185 183 150 88 90 65 18 105 192 14 81 123 161 120 157 140 154 15 17 196 132 99 188 23 56 44 6 170 54 162 31 12 115 110 143 112 193 125 91 13 156 82 9 153 179 75 77 57 171 181 27 43 169 25 92 173 3 50 167 55 129 66 53 117 151 73 51 26 164 197 165 61 21 79 29 16 52 19 114 159 106 41 103 146 69 101 96 148 142 64 1 191 39 194 175 40 166 30 121 28 149 8 24 182 177 62 11 155 137 76 47 49 59 199 33 124 187 98 84 195 138 176 2 128 113 174 37 72 46 87 134 34 131 190 45 160 109 22 5 93 126 107 186 116 63 139 94 172 89 119 86 136 67 0 10 130 141 144 100 135 35 158 180 85 133 68 7 42 95 74 78 184 32 20 4 145 60 168 198 58 36 104
133 85 180 158 35 135 100 144 141 130 10 0 67 136 86 119 89 172 94 139 63 116 186 107 126 93 5 22 109 160 45 190 131 34 134 87 46 72 37 174 113 128 2 176 138 195 84 98 187 124 33 199 59 49 47 76 137 155 11 62 177 182 24 8 149 28 121 30 166 40 175 194 39 13 156 64 1 191 142 148 101 69 146 103 41 106 159 114 19 52 16 29 79 21 61 165 197 164 26 51 73 151 117 53 66 129 55 167 50 3 173 92 25 169 43 27 181 171 57 77 75 179 153 9 82 115 110 143 91 125 193 112 12 31 162 54 170 6 44 56 23 188 99 132 196 17 15 154 140 157 120 161 123 81 14 192 105 18 65 90 88 150 183 185 111 70 97 163 102 83 152 147 178 122 127 71 48 189 38 118 108 96 198 80 104 36 58 168 60 145 4 20 32 184 78 74 95 42 7 68
59 199 33 124 187 98 84 195 138 176 2 128 113 174 37 72 46 87 134 34 131 190 45 160 109 22 5 93 126 107 186 116 63 139 94 172 89 119 86 136 67 0 10 130 141 144 100 135 35 158 180 85 133 68 7 42 95 74 78 184 32 20 4 145 60 168 198 58 36 104 80 108 118 38 189 48 71 127 122 178 147 152 83 102 163 97 70 111 185 183 150 88 90 65 18 105 192 14 81 123 161 120 157 140 154 15 17 196 132 99 188 23 56 44 6 170 54 162 31 12 115 110 143 112 193 125 91 13 156 82 9 153 179 75 77 57 171 181 27 43 169 25 92 173 3 50 167 55 129 66 53 117 151 73 51 26 164 197 165 61 21 79 29 16 52 19 114 159 106 41 103 146 69 101 96 148 142 191 64 1 39 194 175 40 166 30 121 28 149 8 24 182 177 62 11 155 137 76 47 49
192 105 18 65 90 88 150 183 185 111 70 97 163 102 83 152 147 178 122 127 71 48 189 38 118 108 96 198 80 104 36 58 168 60 145 4 20 32 184 78 95 42 7 68 133 85 74 180 158 35 135 100 144 141 130 10 0 67 136 86 119 89 172 94 139 63 116 186 107 126 93 5 22 109 160 45 190 131 34 134 87 46 72 37 174 113 128 2 176 138 195 84 98 187 124 33 199 59 49 47 76 137 155 11 62 177 182 24 8 149 28 121 30 166 40 175 194 39 1 64 191 142 148 101 69 146 103 41 106 159 114 19 52 16 29 79 21 61 165 197 164 26 51 73 151 117 53 66 129 55 167 50 3 173 92 25 169 43 27 181 171 57 77 75 179 153 9 82 156 13 91 125 193 112 143 110 115 12 31 162 54 170 6 44 56 23 188 99 132 196 17 15 154 140 157 120 161 123 81 14
148 142 191 64 1 39 194 175 40 166 30 121 28 149 8 24 182 177 62 11 155 137 76 47 49 59 199 33 124 187 98 84 195 138 176 2 128 113 174 37 72 46 87 134 34 131 190 45 160 109 22 5 93 126 107 186 116 63 139 94 172 89 119 86 136 67 0 10 130 141 144 100 135 35 158 180 85 133 68 7 42 95 74 78 184 32 20 4 145 60 168 198 58 36 104 80 96 108 118 38 189 48 71 127 122 178 147 152 83 102 163 97 70 111 185 183 150 88 90 65 18 105 192 14 81 123 161 120 157 140 154 15 17 196 132 99 188 23 56 44 6 170 54 162 31 12 115 110 143 112 193 125 91 13 156 82 9 153 179 75 77 57 171 181 27 43 169 25 92 173 3 50 167 55 129 66 53 117 151 73 51 26 164 197 165 61 21 79 29 16 52 19 114 159 106 41 103 146 69 101
4 145 60 168 58 36 104 80 198 96 108 118 38 189 48 71 127 122 178 147 152 83 102 163 97 70 111 185 183 150 88 90 65 18 105 192 14 81 123 161 120 157 140 154 15 17 196 132 99 188 23 56 44 6 170 54 162 31 12 115 110 143 112 193 125 91 13 156 82 9 153 179 75 77 57 171 181 27 43 169 25 92 173 3 50 167 55 129 66 53 117 151 73 51 26 164 197 165 61 21 79 29 16 52 19 114 159 106 41 103 146 69 101 148 142 191 64 1 39 194 175 40 166 30 121 28 149 8 24 182 177 62 11 155 137 76 47 49 59 199 33 124 187 98 84 195 138 176 2 128 113 174 37 72 46 87 134 34 131 190 45 160 109 22 5 93 126 107 186 116 63 139 94 172 67 0 136 86 89 119 10 130 141 144 100 135 35 158 180 85 133 68 7 42 95 74 78 184 32 20
24 182 177 62 11 155 137 76 47 49 59 199 33 124 187 98 84 195 138 176 2 128 113 174 37 72 46 87 134 34 131 190 45 160 109 22 5 93 126 107 186 116 63 139 94 172 67 0 136 86 89 119 10 130 141 144 100 135 35 158 180 85 133 68 7 42 95 74 78 184 32 20 4 145 60 168 58 36 104 80 198 96 108 118 38 189 48 71 114 19 52 122 127 178 16 29 79 21 147 152 83 102 163 97 70 111 185 183 150 88 90 65 18 105 192 14 81 123 161 120 157 140 154 15 17 196 132 99 188 23 56 44 6 170 54 162 31 12 143 112 193 125 91 13 156 82 110 115 173 3 50 167 55 129 66 53 117 151 73 51 26 164 197 61 165 92 25 169 43 27 179 153 9 75 77 57 171 181 159 106 41 103 146 69 101 148 142 191 64 1 39 194 175 40 166 30 121 28 149 8
