58 36 56 25 109 23 184 60 18 179 26 116 86 187 78 13 16 84 90 72 14 99 30 21 141 69 127 22 54 119 165 76 95 61 112 139 149 113 120 82 88 110 51 102 132 1 7 74 155 53 79 91 93 70 166 156 185 34 48 161 146 176 31 157 144 148 49 4 11 121 152 0 174 131 189 89 124 57 118 20 32 24 6 39 175 126 108 12 41 168 191 160 46 59 197 115 81 92 164 38 154 45 9 85 28 117 134 40 193 105 52 8 190 101 122 137 111 177 180 75 65 42 10 68 96 196 106 153 167 135 5 194 136 33 62 178 133 163 77 98 182 15 128 147 17 198 188 123 159 142 181 94 104 37 73 143 183 100 129 195 186 29 55 114 19 151 63 3 97 172 44 64 50 67 47 192 66 150 35 199 169 107 87 2 145 71 140 125 162 83 43 138 158 173 171 130 170 103 80 27
189 152 121 11 4 49 148 144 124 89 157 31 57 118 20 32 24 6 39 197 59 46 160 191 168 41 12 108 126 175 81 115 99 30 21 141 69 127 178 62 33 133 163 77 14 72 90 84 16 136 194 190 105 52 8 92 164 38 154 45 9 134 117 28 85 40 193 27 80 103 170 125 162 83 138 158 130 171 173 43 140 145 71 101 122 137 177 111 180 75 42 65 68 10 96 196 106 169 66 150 35 199 50 64 67 47 192 153 167 135 5 187 13 78 86 116 26 179 18 60 184 100 129 195 107 172 97 44 87 2 3 63 151 19 114 55 29 186 58 36 56 25 109 23 183 143 73 37 104 188 123 159 142 181 94 198 17 147 128 182 15 98 51 110 88 82 120 113 149 139 112 61 95 76 165 119 22 54 102 132 1 7 74 155 53 79 91 93 70 166 156 185 34 161 48 146 176 131 174 0
16 84 90 33 62 178 133 163 77 127 69 141 21 30 99 14 72 136 194 190 101 122 137 111 177 5 135 167 153 106 196 96 10 68 65 42 75 180 145 71 140 43 173 171 130 158 138 83 162 125 170 103 80 27 105 8 52 193 40 85 28 117 134 9 45 154 38 164 92 81 115 108 126 175 39 6 24 32 20 118 57 89 124 144 148 49 4 11 121 152 189 0 174 131 157 31 176 146 48 161 34 185 156 166 70 93 91 197 12 41 168 191 160 46 59 79 53 155 74 7 1 132 102 54 22 119 165 76 95 61 112 139 149 113 120 82 88 110 51 98 15 182 128 147 17 198 94 181 142 159 123 188 104 37 73 143 183 23 109 25 56 36 58 186 29 55 114 19 151 172 97 63 3 2 87 44 64 50 67 199 169 35 150 66 192 47 107 195 129 100 184 60 18 179 26 116 86 187 78 13
104 142 159 181 94 74 155 53 79 91 93 70 166 156 185 34 161 48 146 176 131 174 0 152 189 11 121 4 49 148 144 124 89 157 31 57 118 20 32 24 92 164 38 154 45 9 134 117 28 85 40 193 105 52 8 99 30 21 141 115 81 175 126 108 6 39 197 12 41 168 191 160 46 59 1 7 132 102 51 110 88 82 120 113 149 139 112 61 95 76 165 54 22 119 69 127 77 178 62 33 163 133 14 72 90 84 16 136 194 190 27 80 103 170 125 162 83 138 158 130 171 173 43 140 145 71 101 122 137 177 111 180 75 42 65 68 10 96 196 106 169 66 150 35 199 50 64 67 47 192 153 167 135 5 187 13 78 86 116 26 179 18 60 184 100 186 129 195 107 19 151 3 63 172 97 44 87 2 114 55 29 58 36 56 25 109 23 183 143 73 37 15 98 182 128 147 17 198 188 123
35 199 50 64 67 47 192 153 167 135 187 86 116 26 179 18 60 184 100 129 195 107 172 97 44 87 2 3 63 151 19 114 55 29 186 58 36 56 25 109 23 183 143 73 37 104 188 123 159 142 181 94 198 17 147 128 182 15 98 110 51 102 132 1 7 74 155 53 79 91 93 70 166 156 185 34 161 48 146 176 131 174 0 152 189 11 121 4 49 148 124 89 144 157 31 57 118 20 32 24 6 39 175 126 108 12 197 59 46 160 191 168 41 141 69 127 22 54 119 165 76 95 82 88 120 113 149 61 112 139 33 62 178 133 163 77 21 30 99 115 81 92 164 38 154 45 9 134 117 28 85 40 193 105 52 8 194 14 72 136 90 84 78 13 16 5 177 111 137 122 101 190 27 80 103 170 125 162 83 138 158 130 171 173 43 140 71 145 180 75 42 65 68 10 96 196 106 169 66 150
74 155 53 79 91 93 70 166 156 185 34 48 161 174 131 0 152 189 11 121 4 49 148 124 89 144 157 31 57 118 20 32 176 146 24 115 81 99 30 21 141 69 127 77 163 133 33 62 178 119 22 54 165 76 95 61 112 139 149 113 120 82 88 110 51 98 15 182 128 147 17 198 94 181 142 159 123 188 104 37 73 143 183 23 109 25 56 36 58 186 29 55 114 19 151 172 97 63 3 2 87 44 64 50 67 199 169 35 150 66 192 47 107 195 129 100 184 60 18 179 26 116 86 187 78 13 16 84 90 136 72 14 194 190 101 122 137 111 177 5 135 167 153 106 196 96 10 68 65 42 75 180 145 71 140 43 173 171 130 158 138 83 162 125 170 103 80 27 105 8 52 193 40 85 28 117 134 9 45 154 38 164 92 175 126 108 6 39 197 12 41 168 191 160 59 46 102 132 1 7
185 34 161 48 146 176 31 157 131 174 0 152 189 11 121 4 49 148 124 89 144 134 117 28 85 9 45 57 118 20 32 24 6 39 175 126 108 12 197 59 46 160 191 168 41 141 69 127 22 54 119 165 76 95 82 88 120 113 149 61 112 139 33 62 178 133 163 77 21 30 99 115 81 92 154 38 164 40 193 105 52 8 14 72 90 84 78 13 16 136 194 190 101 122 137 5 177 111 180 145 71 140 27 80 103 170 125 162 83 43 173 158 138 130 171 42 75 65 68 10 96 196 106 153 167 135 187 86 116 26 179 18 60 184 100 129 195 107 47 192 66 150 35 169 199 67 50 64 44 87 2 3 63 97 172 151 19 114 55 29 186 58 36 56 25 109 23 183 143 73 37 104 188 123 159 142 181 94 198 17 147 128 182 15 98 110 51 102 132 1 7 74 155 53 79 91 93 70 166 156
74 155 53 79 91 93 70 166 156 185 34 48 161 174 131 0 152 189 11 121 4 49 148 124 89 144 157 31 57 118 20 32 176 146 24 115 81 99 30 21 141 69 127 77 163 133 33 62 178 119 22 54 165 76 95 61 112 139 149 113 120 82 88 110 51 102 132 98 15 182 128 147 17 198 94 181 142 159 123 188 104 37 73 143 183 23 109 25 56 36 58 186 29 55 114 19 151 172 97 63 3 2 87 44 64 50 67 199 169 35 150 66 192 47 107 195 129 100 184 60 18 179 26 116 86 187 78 13 16 84 90 136 72 14 194 190 101 122 137 111 177 5 135 167 153 106 196 96 10 68 65 42 75 180 145 71 140 43 173 171 130 158 138 83 162 125 170 103 80 27 105 52 8 164 193 40 85 28 117 134 9 45 154 38 92 175 126 108 6 39 197 12 41 168 191 160 46 59 1 7
128 182 15 98 110 51 102 132 1 7 74 155 53 79 91 93 70 166 156 185 34 161 48 146 176 31 157 131 174 0 152 189 11 121 4 49 148 124 89 144 134 117 28 85 9 45 57 118 20 32 24 6 39 175 126 108 12 197 59 46 160 191 168 41 119 22 54 165 76 95 82 88 120 113 149 61 112 139 33 62 178 133 163 77 127 69 141 21 30 99 115 81 92 154 38 164 40 193 105 52 8 14 72 90 84 78 13 16 136 194 190 101 122 137 5 177 111 180 145 71 140 27 80 103 170 125 162 83 43 173 158 138 130 171 42 75 65 68 10 96 196 106 153 167 135 187 86 116 26 179 18 60 184 100 186 129 195 107 47 192 66 150 35 169 199 67 50 64 44 87 2 3 63 97 172 151 19 114 55 29 58 36 56 25 109 23 183 143 73 37 104 188 123 159 142 181 94 198 17 147
2 87 44 64 50 67 199 169 35 150 66 192 47 107 195 129 186 100 184 60 18 179 26 116 86 187 135 167 153 106 196 96 10 68 65 75 42 171 130 138 158 173 43 83 162 125 170 103 80 27 140 71 145 180 111 177 5 137 122 101 190 194 136 16 13 78 84 90 72 14 8 52 105 193 40 85 28 117 134 9 45 154 38 164 92 81 115 99 30 21 77 163 133 178 62 33 139 112 61 149 113 120 88 82 95 76 165 119 54 22 127 69 141 41 168 191 160 46 59 197 12 108 126 175 39 6 24 32 20 118 57 31 157 89 124 144 148 49 4 121 11 189 152 0 174 131 176 146 48 161 34 185 156 166 70 93 91 79 53 155 74 7 1 132 102 51 110 98 15 182 128 147 17 198 94 181 142 159 123 188 104 37 73 143 183 23 109 25 56 36 58 29 55 114 19 151 172 97 63 3
33 62 178 133 163 77 127 69 141 21 30 99 14 194 136 72 90 84 16 13 78 187 135 167 153 106 196 96 10 68 65 75 42 171 130 138 158 173 43 83 162 125 170 103 80 27 140 71 145 180 111 177 5 137 122 101 190 8 52 105 193 40 85 28 117 134 9 45 154 38 164 92 24 146 176 32 20 118 57 31 157 144 89 124 148 49 4 121 11 189 152 0 131 174 161 48 34 185 156 166 70 93 91 79 53 155 74 7 1 59 46 160 191 12 197 39 6 115 81 175 126 108 168 41 119 22 54 165 76 95 61 112 139 149 113 120 82 88 110 51 102 132 98 15 182 128 147 17 198 94 181 142 159 123 188 104 37 73 143 183 23 109 25 56 36 58 29 55 114 19 151 172 97 63 3 2 87 44 64 50 67 199 169 35 150 66 192 47 107 195 129 186 100 184 60 18 179 26 116 86
176 131 174 0 152 189 11 121 4 49 148 144 124 89 157 31 57 118 20 32 24 6 39 175 126 108 12 197 59 46 160 191 168 41 141 21 30 99 115 81 92 164 38 154 45 9 134 117 28 85 40 193 105 52 8 14 72 90 84 78 13 16 136 194 190 101 122 137 5 177 111 180 145 71 140 27 80 103 170 125 162 83 43 173 158 138 130 171 42 75 65 68 10 96 196 106 153 167 135 187 86 116 26 179 18 60 184 100 186 129 195 107 47 192 66 150 35 169 199 67 50 64 44 87 2 3 63 97 172 151 19 114 55 29 58 36 56 25 109 23 183 73 37 104 188 123 159 142 181 94 198 17 147 128 182 15 98 143 113 149 61 112 139 33 62 178 133 163 77 127 69 119 22 54 165 76 95 82 120 88 110 51 102 132 1 7 74 155 53 79 91 93 70 166 156 185 34 161 48 146
47 107 195 129 186 100 184 60 18 179 26 116 86 33 62 178 119 22 54 165 76 95 61 112 139 149 113 120 82 88 110 51 102 132 98 15 182 128 147 17 198 94 181 142 159 123 188 104 37 73 143 183 23 109 25 56 36 58 29 55 114 19 151 172 97 63 3 2 87 44 64 50 67 199 169 35 150 106 196 96 10 68 65 75 42 171 130 138 158 173 43 83 162 125 170 103 80 27 140 71 145 180 111 177 137 122 101 190 194 8 52 105 193 40 85 28 117 134 9 45 154 38 164 92 175 126 108 6 39 197 12 41 168 191 160 46 59 1 7 74 155 53 79 91 93 70 166 156 185 34 161 48 146 176 131 174 0 152 189 11 121 4 49 148 124 89 144 157 31 57 118 20 32 24 115 81 99 30 21 141 69 127 77 163 133 14 72 136 90 84 16 13 78 187 5 135 167 153 66 192
34 185 156 166 70 93 91 79 53 155 74 7 1 132 59 46 160 191 168 141 21 30 99 115 81 92 164 38 154 45 9 134 117 28 85 40 193 105 52 8 14 72 90 84 78 13 16 136 194 190 101 122 137 5 177 111 180 145 71 140 27 80 103 170 125 162 83 43 173 158 138 130 171 42 75 65 68 10 96 196 106 153 167 135 187 86 116 26 179 18 60 184 100 186 129 195 107 47 192 66 150 35 169 199 67 50 64 44 87 2 3 63 97 172 151 19 114 55 29 58 36 56 25 109 23 183 143 73 37 104 188 123 159 142 181 94 198 17 147 128 182 15 98 51 102 110 88 82 120 113 149 139 112 61 95 76 165 54 22 119 178 62 33 133 163 77 127 69 41 197 12 108 126 175 39 6 24 32 20 118 57 31 157 144 89 124 148 49 4 121 11 189 152 0 174 131 176 146 48 161
44 87 2 3 63 97 172 151 19 114 55 29 58 36 56 25 109 23 183 143 98 198 17 147 128 182 15 73 37 104 188 123 159 142 181 94 74 7 1 132 102 51 110 88 82 120 113 149 139 112 61 95 76 165 54 22 119 178 62 33 86 116 26 179 18 60 184 100 186 129 195 107 47 192 66 153 167 135 187 78 13 16 84 90 136 194 72 14 133 163 77 127 69 41 168 141 21 30 99 81 115 6 39 175 126 108 12 191 160 46 59 155 53 79 91 93 70 166 197 156 185 34 161 48 146 176 131 174 0 152 189 11 121 4 49 148 124 89 144 157 31 57 118 20 32 24 92 38 154 45 9 134 117 28 85 40 193 164 8 52 105 190 101 122 137 5 177 111 180 145 71 140 27 80 103 170 125 162 83 43 173 158 138 130 171 42 75 65 68 10 96 196 106 150 35 169 199 67 50 64
33 86 116 26 179 18 60 184 100 186 129 195 107 47 192 66 153 167 135 187 78 13 16 84 90 136 194 72 14 99 115 81 92 38 154 45 9 134 117 28 85 40 193 164 8 52 105 190 101 122 137 5 177 111 180 145 71 140 27 80 103 170 125 162 83 43 173 158 138 130 171 42 75 65 68 10 96 196 106 150 35 169 199 67 50 64 44 87 2 3 63 97 172 151 19 114 55 29 58 36 56 25 109 23 183 143 98 198 17 147 128 182 15 73 37 104 188 123 159 142 181 94 74 7 1 132 102 51 110 88 82 120 113 149 139 112 61 95 76 165 119 54 22 127 69 191 160 46 59 155 53 79 91 93 70 166 156 185 34 161 48 146 176 131 174 0 152 189 11 121 4 49 148 124 89 144 157 31 57 118 20 32 24 6 39 175 126 108 12 197 168 41 141 30 21 77 163 133 178 62
121 4 49 148 124 89 144 157 31 57 118 20 32 24 92 164 38 154 45 9 134 117 28 85 40 193 105 52 8 190 101 122 137 5 177 111 180 145 71 140 27 80 103 170 125 162 83 43 173 158 138 130 171 42 75 65 68 10 96 196 106 169 66 150 35 199 67 50 64 44 87 2 3 63 97 172 151 19 114 55 29 58 36 56 25 109 23 183 143 73 37 104 188 123 159 142 181 94 198 17 147 128 182 15 98 132 102 51 110 88 82 120 113 149 139 112 61 95 76 165 54 22 119 178 62 33 86 116 26 179 18 60 184 100 186 129 195 107 47 192 153 167 135 187 78 13 16 84 90 136 194 72 14 133 163 77 127 69 41 168 141 21 30 99 81 115 6 39 175 126 108 12 191 160 46 59 1 7 74 155 53 79 91 93 70 166 197 156 185 34 161 48 146 176 131 174 0 152 189 11
163 77 127 69 41 168 141 21 30 99 115 81 92 38 154 45 9 134 117 28 85 40 193 164 8 52 105 190 101 122 137 5 177 111 180 145 71 140 27 80 103 170 125 162 83 43 173 158 138 130 171 42 75 65 68 10 96 196 106 150 35 169 199 67 50 64 44 87 2 3 63 97 172 151 19 114 55 29 58 36 56 25 109 23 183 143 98 198 17 147 128 182 15 73 37 104 188 123 159 142 181 94 74 155 53 79 91 93 70 166 197 156 185 34 161 48 146 176 131 174 0 152 189 11 121 4 49 148 124 89 144 157 31 57 118 20 32 24 6 39 175 126 108 12 191 160 46 59 1 7 132 102 51 110 88 82 120 113 149 139 112 61 95 76 165 54 22 119 178 62 33 86 116 26 179 18 60 184 100 186 129 195 107 47 192 66 153 167 135 187 78 13 16 84 90 136 194 72 14 133
85 103 80 27 40 193 105 52 8 190 101 122 137 177 111 180 145 71 140 125 170 162 83 43 173 158 138 130 171 42 75 65 68 10 96 196 106 169 66 150 35 199 67 50 64 44 87 2 3 63 97 172 151 19 114 55 29 58 36 56 25 109 23 183 143 98 198 17 147 128 182 15 73 37 104 188 123 159 142 181 94 74 155 7 1 132 102 51 110 88 82 120 113 149 139 112 61 95 76 165 54 22 119 178 62 33 86 116 26 179 18 60 184 100 186 129 195 107 47 192 153 167 135 5 187 78 13 16 84 90 136 194 72 14 133 163 77 127 69 41 168 141 21 30 99 81 115 24 6 39 175 126 108 12 191 160 46 59 79 53 91 93 70 166 197 156 185 34 161 48 146 176 131 174 0 152 189 11 121 4 49 148 124 89 144 157 31 57 118 32 20 92 164 38 154 45 9 134 117 28
30 99 115 81 92 38 154 45 9 134 117 28 85 40 193 164 8 52 105 190 101 122 137 5 177 111 180 145 71 140 27 80 103 170 125 162 83 43 173 158 138 130 171 42 75 65 68 10 96 196 106 150 35 169 199 67 50 64 44 87 2 3 63 97 172 151 19 114 55 29 58 36 56 25 109 23 183 143 98 198 17 123 188 147 128 182 15 73 37 104 142 159 181 94 74 155 53 79 91 93 70 166 197 156 185 34 161 48 146 176 131 174 0 152 189 11 121 4 49 148 124 89 144 157 31 57 118 20 32 24 6 39 175 126 108 12 191 160 46 59 1 7 132 102 51 110 88 82 120 113 149 139 112 61 95 76 165 54 22 119 178 62 33 86 116 26 179 18 60 184 100 186 129 195 107 47 192 66 153 167 135 187 78 13 16 84 90 136 194 72 14 133 163 77 127 69 41 168 141 21
163 77 127 69 119 22 54 165 76 95 61 112 139 149 113 120 82 88 110 51 102 132 7 1 59 46 160 191 168 41 12 108 126 175 39 6 24 32 20 118 57 31 157 144 89 124 148 49 4 121 11 189 152 0 174 131 176 146 48 161 34 185 156 197 166 70 93 91 79 53 155 74 94 181 159 142 104 37 73 15 182 128 147 188 123 17 198 98 143 183 23 109 25 56 36 58 29 55 114 19 151 172 97 63 3 2 87 44 64 50 67 199 169 35 150 106 196 96 10 68 65 75 42 171 130 138 158 173 43 83 162 125 170 103 80 27 140 71 145 180 111 177 5 137 122 101 190 105 52 8 164 193 40 85 28 117 134 9 45 154 38 92 81 115 141 21 30 99 14 72 194 136 90 84 16 13 78 187 135 167 153 66 192 47 107 195 129 186 100 184 60 18 179 26 116 86 33 62 178 133
30 99 115 81 92 38 154 45 9 134 117 28 85 40 193 164 8 52 105 190 101 122 137 5 177 111 180 145 71 140 27 80 103 170 125 162 83 43 173 158 138 130 171 42 75 65 68 10 96 196 106 169 66 150 35 199 67 50 64 44 87 2 3 63 97 172 151 19 114 55 29 58 36 56 25 109 23 183 143 98 198 17 147 128 182 15 73 37 104 188 123 159 142 181 94 74 155 53 79 91 93 70 166 197 156 185 34 161 48 146 176 131 174 0 152 189 11 121 4 49 148 124 89 144 157 31 57 118 20 32 24 6 39 175 126 108 12 191 160 46 59 1 7 132 102 51 110 88 82 120 113 149 139 112 61 95 76 165 54 22 119 178 62 33 86 116 26 179 18 60 184 100 186 129 195 107 47 192 153 167 135 187 78 13 16 84 90 136 194 72 14 133 163 77 127 69 41 168 141 21
99 115 81 92 38 154 45 9 134 117 28 85 40 193 164 8 52 105 190 101 122 137 5 177 111 180 145 71 140 27 80 103 170 125 162 83 43 173 158 138 130 171 42 75 65 68 10 96 196 106 169 66 150 35 199 67 50 64 44 87 2 3 63 97 172 151 19 114 55 29 58 36 56 25 109 23 183 143 98 198 17 123 188 147 128 182 15 73 37 104 142 159 181 94 74 155 53 79 91 93 70 166 197 156 185 34 161 48 146 176 131 174 0 152 189 11 121 4 49 148 124 89 144 157 31 57 118 20 32 24 6 39 175 126 108 12 191 160 46 59 1 7 132 102 51 110 88 82 120 113 149 139 112 61 95 76 165 54 22 119 178 62 33 86 116 26 179 18 60 184 100 186 129 195 107 47 192 153 167 135 187 78 13 16 84 90 136 194 72 14 133 163 77 127 69 41 168 141 21 30
101 122 137 5 135 167 153 66 192 47 107 195 129 186 100 184 60 18 179 26 116 86 187 78 13 16 84 90 136 194 72 14 81 115 99 30 21 141 168 41 69 127 77 163 133 33 62 178 119 22 54 165 76 95 61 112 139 149 113 120 82 88 110 51 102 132 7 1 59 46 160 191 12 108 126 175 39 6 24 32 20 118 57 31 157 144 89 124 148 49 4 121 11 189 152 0 174 131 176 146 48 161 34 185 156 197 166 70 93 91 79 53 155 74 94 181 159 142 104 37 73 15 182 128 147 188 123 17 198 98 143 183 23 109 25 56 36 58 29 55 114 19 151 172 97 63 3 2 87 44 64 50 67 199 169 35 150 106 196 96 10 68 177 111 180 75 65 42 171 130 138 158 173 43 83 125 170 162 145 71 140 103 80 27 193 40 85 28 117 134 9 45 154 38 164 92 8 52 105 190
99 115 81 92 38 154 45 9 134 117 28 85 103 80 27 40 193 164 8 52 105 190 101 122 137 5 177 111 180 145 71 140 125 170 162 83 43 173 158 138 130 171 42 75 65 68 10 96 196 106 169 66 150 35 199 67 50 64 44 87 2 3 63 97 172 151 19 114 55 29 58 36 56 25 109 23 183 143 98 198 17 123 188 147 128 182 15 73 37 104 142 159 181 94 74 155 53 79 91 93 70 166 197 156 185 34 161 48 146 176 131 174 0 152 189 11 121 4 49 148 124 89 144 157 31 57 118 20 32 24 6 39 175 126 108 12 191 160 46 59 1 7 132 102 51 110 88 82 120 113 149 139 112 61 95 76 165 54 22 119 178 62 33 86 116 26 179 18 60 184 100 186 129 195 107 47 192 153 167 135 187 78 13 16 84 90 136 194 72 14 133 163 77 127 69 41 168 141 21 30
99 115 81 92 164 38 154 45 9 134 117 28 85 40 193 105 52 8 190 101 122 137 5 177 111 180 145 71 140 27 80 103 170 125 162 83 43 173 158 138 130 171 42 75 65 68 10 96 196 106 169 66 150 35 199 67 50 64 44 87 2 3 63 97 172 151 19 114 55 29 58 36 56 25 109 23 183 143 98 198 17 123 188 147 128 182 15 73 37 104 142 159 181 94 74 155 53 79 91 93 70 166 197 156 185 34 161 48 146 176 131 174 0 152 189 11 121 4 49 148 124 89 144 157 31 57 118 20 32 24 6 39 175 126 108 12 191 160 46 59 1 7 132 102 51 110 88 82 120 113 149 139 112 61 95 76 165 54 22 119 178 62 33 86 116 26 179 18 60 184 100 186 129 195 107 47 192 153 167 135 187 78 13 16 84 90 136 194 72 14 133 163 77 127 69 41 168 141 21 30
99 14 72 194 136 90 84 16 13 78 187 135 167 153 192 47 107 195 129 186 100 184 60 18 179 26 116 86 33 62 178 133 163 77 21 30 141 168 41 69 127 22 54 119 165 76 95 61 112 139 149 113 120 82 88 110 51 102 132 7 1 59 46 160 191 12 108 126 175 39 6 24 32 20 118 57 31 157 144 89 124 148 49 4 121 11 189 152 0 174 131 176 146 48 161 34 185 156 197 166 70 93 91 79 53 155 74 94 181 159 142 104 37 73 15 182 128 147 188 123 17 198 98 143 183 23 109 25 56 36 58 29 55 114 19 151 172 97 63 3 2 87 44 64 50 67 199 35 150 66 169 106 196 96 10 68 65 75 42 171 130 138 158 173 43 83 162 170 125 140 71 145 180 111 177 5 137 122 101 190 105 52 8 164 193 40 27 80 103 85 28 117 134 9 45 154 38 92 81 115
65 68 10 96 196 106 169 66 150 35 199 67 50 64 44 87 2 3 63 97 172 151 19 114 55 29 58 36 56 25 109 23 183 143 98 198 17 123 188 147 128 182 15 73 37 104 142 159 181 94 74 155 53 79 91 93 70 166 197 156 185 34 161 48 146 176 131 174 0 152 189 11 121 4 49 148 124 89 144 157 31 57 118 20 32 24 6 39 175 126 108 12 191 160 46 59 1 7 132 102 51 110 88 82 120 113 149 139 112 61 95 76 165 119 54 22 127 69 41 168 141 30 21 77 163 133 178 62 33 86 116 26 179 18 60 184 100 186 129 195 107 47 192 153 167 135 187 78 13 16 84 90 136 194 72 14 99 115 81 92 164 38 154 45 9 134 117 28 85 40 193 105 52 8 190 101 122 137 5 177 111 180 145 71 140 27 80 103 170 125 162 83 43 173 158 138 130 171 42 75
122 137 5 177 111 180 145 71 140 125 170 162 83 43 173 158 138 130 171 42 75 65 68 10 96 196 106 169 66 150 35 199 67 50 64 44 87 2 3 63 97 172 151 19 114 55 29 58 36 56 25 109 23 183 143 98 198 17 123 188 147 128 182 15 73 37 104 142 159 181 94 74 155 53 79 91 93 70 166 197 156 185 34 161 48 146 176 131 174 0 152 189 11 121 4 49 148 124 89 144 157 31 57 118 20 32 24 6 39 175 126 108 12 191 160 46 59 1 7 132 102 51 110 88 82 120 113 149 139 112 61 95 76 165 119 54 22 127 69 41 168 141 30 21 77 163 133 178 62 33 86 116 26 179 18 60 184 100 186 129 195 107 47 192 153 167 135 187 78 13 16 84 90 136 194 72 14 99 115 81 92 164 38 154 45 9 134 117 28 85 103 80 27 40 193 105 52 8 190 101
65 68 10 96 196 106 169 66 150 35 199 67 50 64 44 87 2 3 63 97 172 151 19 114 55 29 58 36 56 25 109 23 183 143 98 198 17 123 188 147 128 182 15 73 37 104 142 159 181 94 74 155 53 79 91 93 70 166 197 156 185 34 161 48 146 176 131 174 0 152 189 11 121 4 49 148 124 89 144 157 31 57 118 20 32 24 6 39 175 126 108 12 191 160 59 46 7 1 132 102 51 110 88 82 120 113 149 139 112 61 95 76 165 119 54 22 127 69 41 168 141 30 21 77 163 133 178 62 33 86 116 26 179 18 60 184 100 186 129 195 107 47 192 153 167 135 187 78 13 16 84 90 136 194 72 14 99 115 81 92 164 38 154 45 9 134 117 28 85 103 80 27 40 193 105 52 8 190 101 122 137 5 177 111 180 145 71 140 125 170 162 83 43 173 158 138 130 171 42 75
