82 58 57 20 10 17 4 84 15 42 40 69 60 53 52 80 89 83 39 62 90 67 38 78 49 1 43 33 47 9 0 70 63 14 74 24 55 66 75 56 16 8 26 3 76 86 25 91 46 59 88 68 71 64 7 87 81 2 98 41 72 21 23 30 11 85 77 37 94 31 28 12 65 36 35 93 54 29 6 96 44 79 99 5 97 45 73 48 92 18 22 34 61 50 13 19 27 95 32 51
68 71 64 81 7 87 67 90 62 39 83 89 80 38 78 49 1 52 53 60 15 69 42 40 84 4 17 10 20 57 41 72 21 23 37 12 28 31 94 79 6 44 96 99 29 54 93 35 36 65 77 85 11 30 13 5 50 18 22 34 61 92 48 73 45 97 95 27 19 24 8 16 75 56 55 66 63 14 74 98 47 33 2 58 82 43 9 0 70 32 3 26 91 86 25 46 76 51 59 88
21 23 37 77 85 11 30 13 50 18 22 34 61 92 48 73 45 97 5 19 27 95 8 24 55 66 16 56 75 3 26 91 86 25 46 76 51 59 88 68 71 64 81 7 87 39 62 67 90 78 38 1 49 89 83 80 52 53 60 4 84 15 69 42 40 44 96 99 54 29 6 79 93 35 36 65 94 31 28 12 57 20 10 17 58 82 43 2 98 47 33 9 0 70 32 63 14 74 41 72
67 90 78 38 1 49 80 89 83 52 53 10 20 57 28 31 12 41 72 21 23 13 19 27 95 97 45 73 48 92 61 34 22 18 50 5 30 11 85 77 37 94 65 36 35 93 54 29 99 6 79 96 44 40 42 69 15 60 84 4 17 58 82 43 9 47 33 2 98 0 70 63 14 74 24 8 55 66 75 56 16 26 91 86 25 46 76 32 3 51 59 88 68 71 64 81 7 87 39 62
45 97 95 27 19 13 23 21 72 41 12 31 28 17 10 20 57 58 82 43 9 47 33 2 98 0 70 63 14 74 24 8 55 66 75 56 16 26 91 86 25 46 76 32 3 51 59 88 68 71 64 81 7 87 39 62 67 90 78 38 1 49 89 83 80 52 53 60 4 84 15 69 42 40 44 96 79 6 99 29 54 93 35 36 65 94 37 77 85 11 30 5 50 18 22 34 61 92 48 73
54 29 99 96 44 6 79 84 4 60 15 42 40 69 53 52 1 49 78 38 80 89 83 39 62 90 67 87 7 81 64 71 68 88 59 51 76 46 25 86 91 26 75 56 16 8 24 74 14 55 66 3 32 63 70 0 98 2 33 47 9 43 58 82 20 57 10 17 28 31 12 41 72 21 23 13 19 27 95 97 45 73 48 92 61 34 22 18 50 5 30 11 85 77 37 94 65 36 35 93
27 19 13 23 21 72 41 12 31 28 17 58 57 20 82 43 9 47 33 2 98 0 70 63 74 14 55 66 24 8 16 75 56 32 3 26 91 86 25 46 76 51 59 88 68 71 64 81 7 87 67 90 62 39 83 89 80 38 78 49 1 52 53 10 60 4 84 15 69 42 40 44 96 79 6 99 29 54 93 35 36 65 94 37 77 85 11 30 5 50 18 22 34 61 92 48 73 45 97 95
27 19 13 23 21 72 41 12 31 28 17 10 20 57 58 82 43 9 47 33 2 98 0 70 63 32 3 66 55 14 74 24 8 16 56 75 26 91 86 25 46 76 51 59 88 68 71 64 81 7 87 67 90 62 39 83 89 80 38 78 49 1 52 53 60 4 84 15 69 42 40 44 96 79 6 99 29 54 93 35 36 65 94 37 77 85 11 30 5 50 18 22 34 61 92 48 73 45 97 95
12 28 31 94 65 36 35 93 54 29 99 6 79 96 44 40 42 69 15 84 4 60 53 52 1 49 78 38 80 89 83 39 62 90 67 87 7 81 64 71 68 88 59 51 3 76 46 25 86 91 26 75 56 16 8 66 55 24 74 14 63 32 70 0 98 2 33 47 9 43 82 58 17 10 20 57 41 72 21 23 13 19 27 95 97 45 73 48 92 61 34 22 18 50 5 30 11 85 77 37
65 36 35 93 54 29 99 6 79 96 44 40 42 69 15 84 4 60 53 52 1 49 78 38 80 89 83 39 62 90 67 87 7 81 64 71 68 88 59 51 3 76 46 25 86 91 26 75 56 16 8 66 55 24 74 14 63 32 70 0 98 2 33 47 9 43 82 58 57 20 10 17 28 31 12 41 72 21 23 13 19 27 95 97 45 73 48 92 61 34 22 18 50 5 30 11 85 77 37 94
