0 174 131 176 146 31 157 144 148 49 4 11 121 152 189 89 124 57 118 20 32 24 6 39 175 126 108 12 41 168 141 30 21 77 163 133 178 62 33 90 84 16 13 78 187 135 167 153 66 192 47 67 50 64 97 172 63 3 151 19 29 55 114 58 36 56 25 109 23 184 60 18 179 26 116 86 139 112 61 95 76 165 22 54 119 69 127 191 160 46 59 1 7 74 155 53 79 91 93 70 166 156 185 34 48 161 115 81 99 14 72 136 194 190 101 122 137 111 177 180 75 65 42 10 68 96 196 106 169 35 199 44 2 87 107 195 129 186 100 149 113 120 82 88 110 51 102 132 98 182 15 128 147 17 198 188 123 159 142 181 94 104 37 73 143 183 197 92 164 38 154 45 9 85 28 117 134 40 193 105 52 8 27 80 103 140 71 145 162 125 83 43 138 158 173 171 130 170 5 150
61 149 113 143 183 23 184 60 109 25 36 56 100 129 195 186 58 29 55 114 19 151 3 63 172 97 64 67 50 44 2 87 199 169 35 150 66 196 106 96 10 68 65 75 42 171 130 158 173 43 138 83 125 170 162 145 140 71 180 111 177 137 122 101 190 194 136 33 62 178 119 22 54 165 76 95 82 120 88 110 51 102 132 98 15 73 37 104 128 147 182 198 17 188 123 159 142 181 94 53 79 155 74 7 1 59 46 160 191 91 93 70 166 156 185 34 48 161 174 131 0 152 189 11 121 4 49 148 144 157 31 176 146 24 32 20 118 57 89 124 9 45 154 38 92 164 193 40 85 134 117 28 103 80 27 105 52 8 175 39 6 108 168 41 197 12 126 115 81 99 30 21 141 69 127 77 163 133 14 72 90 84 16 13 78 187 5 135 167 153 192 47 107 18 179 26 116 86 139 112
175 81 115 92 164 38 154 45 9 134 117 28 85 103 80 27 40 193 52 8 105 190 194 136 122 101 71 140 43 173 171 130 158 138 83 162 125 170 145 180 75 42 65 10 68 177 111 137 5 135 167 96 196 106 169 199 35 150 66 153 192 47 107 67 50 64 44 87 2 3 63 97 172 151 19 114 55 29 100 129 195 186 58 36 56 25 109 23 184 60 18 179 26 116 86 187 78 13 16 84 90 72 14 99 30 21 141 41 69 127 22 54 95 76 165 119 77 163 133 178 62 33 139 112 61 149 113 143 183 73 37 104 142 159 181 94 198 17 123 188 147 128 182 15 98 88 120 82 110 51 102 132 1 7 74 155 53 79 59 46 160 191 168 108 126 12 197 91 93 70 166 156 185 34 161 48 146 176 31 157 131 174 0 189 152 121 11 4 49 148 144 124 89 57 118 20 32 24 6 39
82 120 113 149 139 112 61 95 76 165 119 54 22 127 77 163 133 178 62 33 90 84 16 13 78 187 86 116 26 179 18 60 184 109 23 183 143 98 198 17 147 128 182 15 73 37 104 188 123 159 142 181 94 74 155 53 79 91 93 70 166 156 185 34 161 48 146 176 31 157 131 174 0 189 152 121 11 4 49 148 144 124 89 57 118 32 20 92 8 52 105 193 40 164 38 154 45 9 134 117 28 85 103 80 27 71 145 140 125 170 162 83 43 173 158 138 130 171 42 65 75 180 111 177 68 10 96 196 106 169 35 150 67 50 199 87 2 44 64 97 172 63 3 151 19 114 55 29 58 36 56 25 100 186 129 195 107 47 192 66 153 167 135 5 137 122 101 190 194 136 72 14 99 30 21 141 69 41 168 108 126 175 81 115 24 6 39 197 12 191 160 59 46 7 1 132 102 51 110 88
103 140 71 145 162 170 125 83 43 173 158 138 130 171 42 65 75 180 111 177 68 10 96 196 106 153 167 135 5 137 122 101 190 194 136 90 72 14 77 163 133 178 62 33 84 16 13 78 187 86 116 26 179 18 60 184 100 186 129 195 107 47 192 66 150 35 169 199 87 2 44 50 67 64 97 172 63 3 151 19 114 55 29 58 36 56 25 109 23 183 143 98 15 73 37 104 128 147 182 198 17 188 123 159 142 181 94 74 155 53 79 91 93 70 166 156 185 34 161 48 146 176 131 174 0 152 189 4 11 121 49 148 124 89 144 157 31 57 118 20 32 24 6 39 175 126 108 168 41 12 197 160 191 59 46 7 1 132 102 51 110 88 82 120 113 149 139 112 61 95 76 165 119 54 22 127 69 141 21 30 99 115 81 92 8 52 105 193 164 38 154 45 9 134 117 28 85 40 27 80
160 191 59 46 7 1 132 102 51 110 88 82 120 113 149 139 112 61 95 76 165 119 54 22 127 69 141 21 30 99 115 81 92 8 52 105 193 164 38 154 45 9 134 117 28 85 40 27 80 103 140 71 145 162 170 125 83 43 173 158 138 130 171 42 65 75 180 111 177 68 10 96 196 106 153 167 135 5 137 122 101 190 194 136 90 72 14 77 163 133 178 62 33 84 16 13 78 187 86 116 26 179 18 60 184 100 186 129 195 107 47 192 66 150 35 169 199 87 2 44 50 67 64 97 172 63 3 151 19 114 55 29 58 36 56 25 109 23 183 143 98 198 17 123 188 147 128 182 15 73 37 104 142 159 181 94 74 155 53 79 91 93 70 166 156 185 34 161 48 146 176 131 174 0 152 189 4 11 121 49 148 124 89 144 157 31 57 118 20 32 24 6 39 175 126 108 168 41 12 197
82 88 110 51 102 132 1 7 46 59 160 191 12 197 39 6 24 32 20 118 57 31 157 144 89 124 148 49 121 11 4 189 152 0 174 131 176 146 48 161 34 185 156 166 70 93 91 79 53 155 74 94 181 142 159 123 188 17 198 98 15 182 147 128 104 37 73 143 183 23 109 25 56 36 58 29 55 114 19 151 3 2 87 199 44 63 172 97 64 50 67 47 107 195 129 186 100 184 60 18 179 26 116 86 187 78 13 16 84 90 136 194 190 101 122 137 5 135 167 153 192 66 150 35 169 106 196 96 10 68 177 111 180 75 65 42 171 130 138 158 173 43 83 125 170 162 145 71 140 103 80 27 40 85 28 117 134 9 45 154 38 92 164 193 105 52 8 72 14 99 115 81 175 126 108 168 41 141 30 21 69 127 77 163 133 33 62 178 119 22 54 165 76 95 61 112 139 149 113 120
15 182 128 147 188 123 17 198 98 143 183 23 109 25 56 36 58 29 55 114 19 151 172 97 63 3 2 87 44 64 107 195 129 186 100 184 60 18 179 26 116 86 187 78 13 16 84 33 62 178 133 163 77 14 72 90 136 194 190 101 122 137 5 135 167 153 192 47 67 50 199 35 150 66 169 106 196 96 10 68 177 111 180 75 65 42 171 130 138 158 173 43 83 125 170 162 145 71 140 103 80 27 40 85 28 117 134 9 45 154 38 164 193 105 52 8 92 81 115 99 30 21 141 69 127 22 54 119 165 76 95 61 112 139 149 113 120 82 88 110 51 102 132 1 7 46 59 191 160 197 12 41 168 108 126 175 39 6 24 32 20 118 57 31 157 144 89 124 148 49 121 11 4 189 152 0 174 131 176 146 48 161 34 185 156 166 70 93 91 79 53 155 74 94 181 159 142 104 37 73
160 59 46 7 1 132 102 51 110 88 82 120 113 149 139 112 61 95 76 165 119 54 22 127 69 141 21 30 99 115 81 92 8 52 105 193 164 38 154 45 9 134 117 28 85 40 27 80 103 140 71 145 162 170 125 83 43 173 158 138 130 171 42 65 75 180 111 177 68 10 96 196 106 169 35 150 66 47 192 153 167 135 5 137 122 101 190 194 136 90 72 14 77 163 133 178 62 33 84 16 13 78 187 86 116 26 179 18 60 184 100 186 129 195 107 67 50 64 97 172 44 199 87 2 3 63 151 19 114 55 29 58 36 56 25 109 23 183 143 98 198 17 123 188 147 128 182 15 73 37 104 142 159 181 94 74 155 53 79 91 93 70 166 197 156 185 34 161 48 146 176 131 174 0 152 189 4 11 121 49 148 124 89 144 157 31 57 118 20 32 24 6 39 175 126 108 12 41 168 191
183 143 98 198 17 123 188 147 128 182 15 73 37 104 142 159 181 94 74 155 53 79 91 93 70 166 156 185 34 161 48 146 176 131 174 0 152 189 11 121 4 49 148 124 89 144 157 31 57 118 20 32 24 6 39 175 126 108 168 41 12 197 160 191 59 46 7 1 132 102 51 110 88 82 120 113 149 139 112 61 95 76 165 119 54 22 127 69 141 21 30 99 115 81 92 8 52 105 193 164 38 154 45 9 134 117 28 85 40 27 80 103 140 71 145 162 170 125 83 43 173 158 138 130 171 42 65 75 180 111 177 68 10 96 196 106 169 35 150 66 47 192 153 167 135 5 137 122 101 190 194 136 90 72 14 77 163 133 178 62 33 84 16 13 78 187 86 116 26 179 18 60 184 100 186 129 195 107 64 50 67 199 44 87 2 3 63 97 172 151 19 114 55 29 58 36 56 25 109 23
63 97 172 151 19 114 55 29 58 36 56 25 109 23 183 143 98 198 17 123 188 147 128 182 15 73 37 104 142 159 181 94 74 155 53 79 91 93 70 166 156 185 34 161 48 146 176 131 174 0 152 189 4 11 121 49 148 124 89 144 157 31 57 118 20 32 24 6 39 175 126 108 168 41 12 197 160 191 59 46 7 1 132 102 51 110 88 82 120 113 149 139 112 61 95 76 165 119 54 22 127 69 141 30 21 77 163 133 178 62 33 84 16 13 78 187 86 116 26 179 18 60 184 100 186 129 195 107 47 192 153 167 135 5 137 122 101 190 194 136 90 72 14 99 115 81 92 38 154 45 9 134 117 28 85 40 193 164 8 52 105 27 80 103 140 71 145 162 170 125 83 43 173 158 138 130 171 42 65 75 180 111 177 68 10 96 196 106 169 66 150 35 199 67 50 64 44 87 2 3
179 26 116 86 187 78 13 16 84 33 62 178 133 163 77 14 72 90 136 194 190 101 122 137 5 135 167 153 192 66 150 35 199 169 106 196 96 10 68 177 111 180 75 65 42 171 130 138 158 173 43 83 125 170 162 145 71 140 103 80 27 105 52 8 164 193 40 85 28 117 134 9 45 154 38 92 81 115 99 30 21 141 69 127 22 54 119 165 76 95 61 112 139 149 113 120 82 88 110 51 102 132 1 7 46 59 160 191 168 41 197 12 108 126 175 39 6 24 32 20 118 57 31 157 144 89 124 148 49 121 11 4 189 152 0 174 131 176 146 48 161 34 185 156 166 70 93 91 79 53 155 74 94 181 159 142 104 37 73 15 182 128 147 188 123 17 198 98 143 183 23 109 25 56 36 58 29 55 114 19 151 172 97 63 3 2 87 44 64 50 67 47 107 195 129 186 100 184 60 18
118 57 31 157 144 89 124 148 49 121 11 4 189 152 0 174 131 176 146 48 161 34 185 156 197 166 70 93 91 79 53 155 74 94 181 159 142 104 37 73 15 182 128 147 188 123 17 198 98 143 183 23 109 25 56 36 58 29 55 114 19 151 172 97 63 3 2 87 44 64 50 67 199 35 150 66 169 106 196 96 10 68 177 111 180 75 65 42 171 130 138 158 173 43 83 125 170 162 145 71 140 103 80 27 193 40 85 28 117 134 9 45 154 38 164 92 8 52 105 190 101 122 137 5 135 167 153 192 47 107 195 129 186 100 184 60 18 179 26 116 86 187 78 13 16 84 90 136 194 72 14 81 115 99 30 21 141 69 127 77 163 133 33 62 178 119 22 54 165 76 95 61 112 139 149 113 120 82 88 110 51 102 132 7 1 59 46 160 191 168 41 12 108 126 175 39 6 24 32 20
14 72 136 194 190 101 122 137 5 135 167 153 192 47 107 195 129 186 100 184 60 18 179 26 116 86 187 78 13 16 84 90 33 62 178 133 163 77 127 69 119 22 54 165 76 95 61 112 139 149 113 120 82 88 110 51 102 132 7 1 59 46 160 191 168 41 197 12 108 126 175 39 6 24 32 20 118 57 31 157 144 89 124 148 49 121 11 4 189 152 0 174 131 176 146 48 161 34 185 156 166 70 93 91 79 53 155 74 94 181 159 142 104 37 73 15 182 128 147 188 123 17 198 98 143 183 23 109 25 56 36 58 29 55 114 19 151 172 97 63 3 2 87 44 64 50 67 199 35 150 66 169 106 196 96 10 68 177 111 180 75 65 42 171 130 138 158 173 43 83 125 170 162 145 71 140 103 80 27 105 8 52 193 40 85 28 117 134 9 45 154 38 164 92 81 115 141 21 30 99
126 108 168 41 141 21 30 99 14 72 136 194 190 101 122 137 5 135 167 153 192 47 107 195 129 186 100 184 60 18 179 26 116 86 187 78 13 16 84 90 33 62 178 133 163 77 127 69 119 22 54 165 76 95 61 112 139 149 113 120 82 88 110 51 102 132 7 1 59 46 160 191 12 197 39 6 24 32 20 118 57 31 157 144 89 124 148 49 121 11 4 189 152 0 174 131 176 146 48 161 34 185 156 166 70 93 91 79 53 155 74 94 181 159 142 104 37 73 15 182 128 147 188 123 17 198 98 143 183 23 109 25 56 36 58 29 55 114 19 151 172 97 63 3 2 87 44 64 50 67 199 35 150 66 169 106 196 96 10 68 177 111 180 75 65 42 171 130 138 158 173 43 83 125 170 162 145 71 140 103 80 27 40 85 28 117 134 9 45 154 38 92 164 193 105 52 8 175 81 115
148 49 121 11 4 189 152 0 174 131 176 146 31 157 57 118 20 32 24 6 39 175 126 108 12 197 48 161 34 185 156 166 70 93 91 79 53 155 74 94 181 159 142 104 37 73 15 182 128 147 188 123 17 198 98 143 183 23 109 25 56 36 58 29 55 114 19 151 172 97 63 3 2 87 44 64 50 67 199 35 150 66 169 106 196 96 10 68 177 111 180 75 65 42 171 130 138 158 173 43 83 125 170 162 145 71 140 103 80 27 40 193 105 52 8 14 72 136 194 190 101 122 137 5 135 167 153 192 47 107 195 129 186 100 184 60 18 179 26 116 86 187 78 13 16 84 90 33 62 178 133 163 77 127 69 119 22 54 165 76 95 61 112 139 149 113 120 82 88 110 51 102 132 7 1 59 46 160 191 168 41 141 21 30 99 115 81 92 164 38 154 45 9 85 28 117 134 144 89 124
50 64 44 87 2 3 63 97 172 151 19 114 55 29 58 36 56 25 109 23 183 143 98 198 17 123 188 147 128 182 15 73 37 104 142 159 181 94 74 155 53 79 91 93 70 166 156 185 34 161 48 24 32 20 118 57 157 31 146 176 131 174 0 152 189 11 121 4 49 148 124 89 144 134 117 28 85 9 45 154 38 164 92 81 115 6 39 175 126 108 12 197 41 168 191 160 46 59 1 7 132 102 51 110 88 82 120 113 149 139 112 61 95 76 165 54 22 119 178 62 33 133 163 77 127 69 141 21 30 99 14 72 194 136 90 84 16 13 78 187 86 116 26 179 18 60 184 100 186 129 195 107 47 192 153 167 135 5 137 122 101 190 8 52 105 193 40 27 80 103 140 71 145 162 170 125 83 43 173 158 138 130 171 42 65 75 180 111 177 68 10 96 196 106 169 66 150 35 199 67
34 161 48 146 176 131 174 0 152 189 11 121 4 49 148 124 89 144 157 31 57 118 20 32 24 6 39 175 81 115 126 108 12 41 168 191 160 46 59 1 7 132 102 51 110 88 82 120 113 149 139 112 61 95 76 165 54 22 119 178 62 33 133 163 77 127 69 141 21 30 99 14 72 194 136 90 84 16 13 78 187 86 116 26 179 18 60 184 100 186 129 195 107 47 192 153 167 135 5 137 122 101 190 105 52 8 92 154 45 9 134 117 28 85 38 164 193 40 27 80 103 140 71 145 162 170 125 83 43 173 158 138 130 171 42 65 75 180 111 177 68 10 96 196 106 169 66 150 35 199 67 50 64 44 87 2 3 63 97 172 151 19 114 55 29 58 36 56 25 109 23 183 143 98 198 17 123 188 147 128 182 15 73 37 104 142 159 181 94 74 155 53 79 91 93 70 166 197 156 185
33 62 178 133 163 77 127 69 119 22 54 165 76 95 61 112 139 149 113 120 82 88 110 51 102 132 7 1 59 46 160 191 168 41 141 21 30 99 81 115 6 39 175 126 108 12 197 24 32 20 118 57 31 157 144 89 124 148 49 4 121 11 189 152 0 174 131 176 146 48 161 34 185 156 166 70 93 91 79 53 155 74 94 181 159 142 104 37 73 15 182 128 147 188 123 17 198 98 143 183 23 109 25 56 36 58 29 55 114 19 151 172 97 63 3 2 87 44 64 50 67 199 35 150 66 169 106 196 96 10 68 177 111 180 75 65 42 171 130 138 158 173 43 83 125 170 162 145 71 140 103 80 27 40 85 28 117 134 9 45 154 38 92 164 193 105 52 8 14 72 136 194 190 101 122 137 5 135 167 153 192 47 107 195 129 186 100 184 60 18 179 26 116 86 187 78 13 16 84 90
108 126 175 81 115 24 32 20 118 57 31 157 144 89 124 148 49 4 121 11 189 152 0 174 131 176 146 48 161 34 185 156 166 70 93 91 79 53 155 74 94 181 159 142 104 37 73 15 182 128 147 188 123 17 198 98 143 183 23 109 25 56 36 58 29 55 114 19 151 172 97 63 3 2 87 44 64 50 67 199 35 150 66 169 106 196 96 10 68 177 111 180 75 65 42 171 130 138 158 173 43 83 125 170 162 145 71 140 103 80 27 40 85 28 117 134 9 45 154 38 92 164 193 105 52 8 194 190 101 122 137 5 135 167 153 192 47 107 195 129 186 100 184 60 18 179 26 116 86 187 78 13 16 84 90 136 72 14 99 30 21 141 69 127 77 163 133 33 62 178 119 22 54 165 76 95 61 112 139 149 113 120 82 88 110 51 102 132 7 1 59 46 160 191 168 41 12 197 39 6
14 72 136 90 84 16 13 78 187 86 116 26 179 18 60 184 100 186 129 195 107 47 192 153 167 135 5 137 122 101 190 194 8 52 105 193 164 92 38 154 45 9 134 117 28 85 40 27 80 103 140 71 145 162 170 125 83 43 173 158 138 130 171 42 65 75 180 111 177 68 10 96 196 106 169 66 150 35 199 67 50 64 44 87 2 3 63 97 172 151 19 114 55 29 58 36 56 25 109 23 183 143 98 198 17 123 188 147 128 182 15 73 37 104 142 159 181 94 74 155 53 79 91 93 70 166 197 156 185 34 161 48 146 176 131 174 0 152 189 11 121 4 49 148 124 89 144 157 31 57 118 20 32 24 6 39 175 81 115 126 108 12 41 168 191 160 46 59 1 7 132 102 51 110 88 82 120 113 149 139 112 61 95 76 165 54 22 119 178 62 33 133 163 77 127 69 141 21 30 99
186 100 184 60 18 179 26 116 86 187 78 13 16 84 90 136 194 72 14 99 30 21 141 69 127 77 163 133 33 62 178 119 22 54 165 76 95 61 112 139 149 113 120 82 88 110 51 102 132 7 1 59 46 160 191 168 41 12 108 126 115 81 175 39 6 24 32 20 118 57 31 157 144 89 124 148 49 4 121 11 189 152 0 174 131 176 146 48 161 34 185 156 197 166 70 93 91 79 53 155 74 94 181 159 142 104 37 73 15 182 128 147 188 123 17 198 98 143 183 23 109 25 56 36 58 29 55 114 19 151 172 97 63 3 2 87 44 64 50 67 199 35 150 66 169 106 196 96 10 68 177 111 180 75 65 42 171 130 138 158 173 43 83 125 170 162 145 71 140 103 80 27 40 85 28 117 134 9 45 154 38 92 164 193 105 52 8 190 101 122 137 5 135 167 153 192 47 107 195 129
133 163 77 127 69 41 168 141 21 30 99 14 72 136 90 84 16 13 78 187 86 116 26 179 18 60 184 100 186 129 195 107 47 192 153 167 135 5 137 122 101 190 194 8 52 105 193 164 92 38 154 45 9 134 117 28 85 40 27 80 103 140 71 145 162 170 125 83 43 173 158 138 130 171 42 65 75 180 111 177 68 10 96 196 106 169 66 150 35 199 67 50 64 44 87 2 3 63 97 172 151 19 114 55 29 58 36 56 25 109 23 183 143 98 198 17 123 188 147 128 182 15 73 37 104 142 159 181 94 74 155 53 79 91 93 70 166 197 156 185 34 161 48 146 176 131 174 0 152 189 11 121 4 49 148 124 89 144 157 31 57 118 20 32 24 6 39 175 81 115 126 108 12 191 160 46 59 1 7 132 102 51 110 88 82 120 113 149 139 112 61 95 76 165 54 22 119 178 62 33
99 30 21 141 41 168 191 160 46 59 1 7 132 102 51 110 88 82 120 113 149 139 112 61 95 76 165 54 22 119 69 127 77 163 133 178 62 33 90 84 16 13 78 187 86 116 26 179 18 60 184 100 186 129 195 107 47 192 153 167 135 5 137 122 101 190 194 136 72 14 8 52 105 193 164 92 38 154 45 9 134 117 28 85 40 27 80 103 140 71 145 162 170 125 83 43 173 158 138 130 171 42 65 75 180 111 177 68 10 96 196 106 169 66 150 35 199 67 50 64 44 87 2 3 63 97 172 151 19 114 55 29 58 36 56 25 109 23 183 143 98 198 17 123 188 147 128 182 15 73 37 104 142 159 181 94 74 155 53 79 91 93 70 166 156 185 34 161 48 146 176 131 174 0 152 189 11 121 4 49 148 124 89 144 157 31 57 118 20 32 24 6 39 197 12 108 126 175 81 115
32 24 6 39 197 12 108 126 175 81 115 99 30 21 141 41 168 191 160 59 46 7 1 132 102 51 110 88 82 120 113 149 139 112 61 95 76 165 54 22 119 69 127 77 163 133 178 62 33 90 84 16 13 78 187 86 116 26 179 18 60 184 100 186 129 195 107 47 192 153 167 135 5 137 122 101 190 194 136 72 14 8 52 105 193 164 92 38 154 45 9 134 117 28 85 40 27 80 103 140 71 145 162 170 125 83 43 173 158 138 130 171 42 65 75 180 111 177 68 10 96 196 106 169 66 150 35 199 67 50 64 44 87 2 3 63 97 172 151 19 114 55 29 58 36 56 25 109 23 183 143 98 198 17 123 188 147 128 182 15 73 37 104 142 159 181 94 74 155 53 79 91 93 70 166 156 185 34 161 48 146 176 131 174 0 152 189 11 121 4 49 148 124 89 144 157 31 57 118 20
119 22 54 165 76 95 61 112 139 149 113 120 82 88 110 51 102 132 1 7 46 59 160 191 12 108 126 115 81 175 39 6 24 32 20 118 57 31 157 144 89 124 148 49 4 121 11 189 152 0 174 131 176 146 48 161 34 185 156 197 166 70 93 91 79 53 155 74 94 181 159 142 104 37 73 15 182 128 147 188 123 17 198 98 143 183 23 109 25 56 36 58 29 55 114 19 151 172 97 63 3 2 87 44 64 50 67 199 35 150 66 169 106 196 96 10 68 177 111 180 75 65 42 171 130 138 158 173 43 83 125 170 162 145 71 140 103 80 27 40 85 28 117 134 9 45 154 38 92 164 193 105 52 8 190 101 122 137 5 135 167 153 192 47 107 195 129 186 100 184 60 18 179 26 116 86 187 78 13 16 84 90 136 194 72 14 99 30 21 141 168 41 69 127 77 163 133 33 62 178
