0 67 86 172 94 139 63 126 107 116 186 131 190 34 134 45 160 109 93 5 22 149 8 24 182 177 62 11 155 137 76 47 59 199 49 46 87 72 33 124 187 98 84 174 37 113 195 128 2 176 138 154 140 157 161 120 15 17 123 81 14 192 99 196 132 188 23 44 56 50 167 129 55 105 18 65 90 88 150 183 185 51 26 164 73 117 151 173 53 66 3 6 170 54 162 31 115 12 112 193 125 91 143 110 82 156 13 64 1 191 142 148 69 103 106 41 77 57 171 181 43 169 25 27 179 75 9 153 92 197 165 61 70 111 97 163 102 83 152 147 21 79 29 16 178 127 122 52 19 114 159 71 48 189 38 118 108 146 101 96 198 80 104 36 58 168 60 145 4 20 32 184 78 42 7 68 158 180 133 85 95 74 194 39 166 30 175 40 100 35 135 144 121 28 141 130 10 119 89 136
0 67 86 172 94 139 63 126 107 116 186 131 190 34 134 45 160 109 93 5 22 149 8 24 182 177 62 11 155 137 76 47 59 199 49 46 87 72 33 124 187 98 84 174 37 113 195 128 2 176 138 154 140 157 161 120 15 17 123 81 14 192 99 196 132 188 23 44 56 50 167 129 55 105 18 65 90 88 150 183 185 51 26 164 73 117 151 173 53 66 3 6 170 54 162 31 115 12 112 193 125 91 143 110 82 156 13 64 1 191 142 148 69 108 118 38 189 48 71 159 114 19 52 122 127 178 16 29 79 21 147 152 83 102 163 97 111 70 61 165 197 92 153 9 75 179 27 25 169 43 181 171 57 77 41 106 103 146 101 96 198 80 104 36 58 168 60 145 4 20 32 184 78 42 7 68 158 180 133 85 95 74 194 39 166 30 175 40 100 35 135 144 121 28 141 130 10 119 89 136
0 67 86 172 94 139 63 126 107 116 186 131 190 34 134 45 160 109 93 5 22 149 8 24 182 177 62 11 155 137 76 47 59 199 49 46 87 72 33 124 187 98 84 174 37 113 195 128 2 176 138 154 140 157 161 120 15 17 123 81 14 192 99 196 132 188 23 44 56 50 167 129 55 105 18 65 90 88 150 183 185 51 26 164 73 173 151 117 53 66 3 6 170 54 162 31 112 193 125 91 143 12 115 110 82 156 13 64 1 191 142 148 69 146 103 106 41 77 57 171 181 43 169 25 27 179 75 9 153 92 197 165 61 70 111 97 163 102 83 152 147 21 79 29 16 178 127 122 52 19 114 159 71 48 189 38 118 108 101 96 198 80 104 36 58 168 60 145 4 20 32 184 78 42 7 68 158 35 180 133 85 95 74 194 39 166 30 175 40 100 135 144 121 28 141 130 10 119 89 136
2 128 113 174 37 72 33 124 187 199 59 49 46 87 134 34 131 190 109 45 160 8 149 121 28 144 141 0 136 86 67 22 5 93 126 107 186 116 63 139 94 172 89 119 10 130 135 100 35 158 68 133 180 85 42 7 4 145 58 36 104 80 198 168 60 20 32 184 78 95 74 39 194 175 40 166 30 24 182 177 62 11 155 137 76 47 162 31 115 92 173 3 50 167 55 129 66 53 117 151 73 51 26 164 197 165 61 21 79 29 16 52 19 114 43 169 25 27 159 103 106 41 181 171 57 77 75 179 153 9 82 110 143 12 112 193 125 91 13 156 64 1 191 142 148 69 146 101 96 108 118 38 189 48 71 127 122 178 147 152 83 102 163 97 70 111 185 183 150 88 90 65 18 105 192 14 81 123 161 120 157 140 154 15 17 196 132 99 188 23 56 44 6 54 170 98 84 195 138 176
6 44 56 23 188 99 132 196 17 15 120 154 140 157 161 123 81 14 192 105 18 65 90 88 150 183 185 111 70 97 163 102 83 152 147 178 122 127 71 48 189 38 118 108 96 101 146 69 148 142 191 1 64 156 13 91 125 193 112 12 143 110 82 9 153 179 75 77 57 171 181 41 106 103 159 27 92 25 169 43 114 19 52 16 29 79 21 61 165 197 164 26 51 73 151 117 53 66 129 55 167 50 3 173 115 31 162 47 76 137 155 11 62 177 182 24 30 166 40 175 194 39 74 95 78 184 32 20 60 168 198 80 104 36 58 145 4 7 42 85 180 133 68 158 35 100 135 130 10 119 89 172 94 139 63 116 186 107 126 93 5 22 67 86 136 0 141 144 28 121 149 8 160 45 109 190 131 34 134 87 46 49 199 59 124 187 33 72 37 174 113 128 2 176 138 195 84 98 170 54
6 44 56 23 188 99 132 196 17 15 120 154 140 157 161 123 81 14 192 105 18 65 90 88 150 183 185 111 70 97 163 102 83 152 147 178 122 127 71 48 189 38 118 108 96 101 146 69 148 142 191 1 64 156 13 91 125 193 112 12 143 110 82 9 153 179 75 77 57 171 41 106 103 159 181 27 92 25 169 43 114 19 52 16 29 79 21 61 165 197 164 26 51 73 151 117 53 66 129 55 167 50 3 173 115 31 162 47 76 137 155 11 62 177 182 24 30 166 40 175 194 39 74 95 78 184 32 20 60 168 198 80 104 36 58 145 4 7 42 85 180 133 68 158 35 100 135 130 10 119 89 172 94 139 63 116 186 107 126 93 5 22 67 86 136 0 141 144 28 121 149 8 160 45 109 190 131 34 134 87 46 49 199 59 124 187 33 72 37 174 113 128 2 176 138 195 84 98 170 54
6 44 56 23 188 99 132 196 17 15 120 154 140 157 161 123 81 14 192 105 18 65 90 88 150 183 185 111 70 97 163 102 83 152 147 178 122 127 71 48 189 38 118 108 96 101 146 69 148 142 191 1 64 156 13 91 125 193 112 12 143 110 82 9 153 179 75 171 57 77 41 106 103 159 181 27 92 25 169 43 114 19 52 16 29 79 21 61 165 197 164 26 51 73 151 117 53 66 129 55 167 50 3 173 115 31 162 47 76 137 155 11 62 177 182 24 30 166 40 175 194 39 74 95 78 184 32 20 60 168 198 80 104 36 58 145 4 7 42 85 180 133 68 158 35 100 135 130 10 119 89 172 94 139 63 116 186 107 126 93 5 22 67 86 136 0 141 144 28 121 149 8 160 45 109 190 131 34 134 87 46 49 199 59 124 187 33 72 37 174 113 128 2 176 138 195 84 98 170 54
6 44 56 23 188 99 132 196 17 15 120 154 140 157 161 123 81 14 192 105 18 65 90 88 150 183 185 111 70 97 163 102 83 152 147 178 122 127 71 48 189 38 118 108 96 101 146 69 148 142 191 1 64 156 13 91 125 193 112 143 110 82 9 153 179 75 171 57 77 41 106 103 159 181 27 92 25 169 43 114 19 52 16 29 79 21 61 165 197 164 26 51 73 151 117 53 66 129 55 167 50 3 173 115 12 31 162 47 76 137 155 11 62 177 182 24 30 166 40 175 194 39 74 95 78 184 32 20 60 168 198 80 104 36 58 145 4 7 42 85 180 133 68 158 35 100 135 130 10 119 89 172 94 139 63 116 186 107 126 93 5 22 67 86 136 0 141 144 28 121 149 8 160 45 109 190 131 34 134 87 46 49 199 59 124 187 33 72 37 174 113 128 2 176 138 195 84 98 170 54
6 44 56 23 188 99 132 196 17 15 154 140 157 120 161 123 81 14 192 105 18 65 90 88 150 183 185 111 70 97 163 102 83 152 147 178 122 127 71 48 189 38 118 108 96 101 146 69 148 142 191 1 64 156 13 91 125 193 112 143 110 82 9 153 179 75 171 57 77 41 106 103 159 181 27 92 25 169 43 114 19 52 16 29 79 21 61 165 197 164 26 51 73 151 117 53 66 129 55 167 50 3 173 115 12 31 162 47 76 137 155 11 62 177 182 24 30 166 40 175 194 39 74 95 78 184 32 20 60 168 198 80 104 36 58 145 4 7 42 85 180 133 68 158 35 100 135 130 10 119 89 172 94 139 63 116 186 107 126 93 5 22 67 86 136 0 141 144 28 121 149 8 160 45 109 190 131 34 134 87 46 49 199 59 124 187 33 72 37 174 113 128 2 176 138 195 84 98 170 54
6 44 56 23 188 99 132 196 17 15 154 140 157 120 161 123 81 14 192 105 18 65 90 88 150 183 185 111 70 97 163 102 83 152 147 178 122 127 71 48 189 38 118 108 96 101 146 69 148 142 191 1 64 156 13 91 125 193 112 143 110 82 9 153 179 75 171 57 77 103 41 106 159 181 27 92 25 169 43 114 19 52 16 29 79 21 61 165 197 164 26 51 73 151 117 53 66 129 55 167 50 3 173 115 12 31 162 47 76 137 155 11 62 177 182 24 30 166 40 175 194 39 74 95 78 184 32 20 60 168 198 80 104 36 58 145 4 7 42 85 180 133 68 158 35 100 135 130 10 119 89 172 94 139 63 116 186 107 126 93 5 22 67 86 136 0 141 144 28 121 149 8 160 45 109 190 131 34 134 87 46 49 199 59 124 187 33 72 37 174 113 128 2 176 138 195 84 98 170 54
6 44 56 23 188 99 132 196 17 15 154 140 157 120 161 123 81 14 192 105 18 65 90 88 150 183 185 111 70 97 163 102 83 152 147 178 122 127 71 48 189 38 118 108 96 101 146 69 148 142 191 1 64 156 13 91 125 193 112 143 110 82 9 153 179 75 171 57 77 103 41 106 181 27 92 25 169 43 159 114 19 52 16 29 79 21 61 165 197 164 26 51 73 151 117 53 66 129 55 167 50 3 173 115 12 31 162 47 76 137 155 11 62 177 182 24 30 166 40 175 194 39 74 95 78 184 32 20 60 168 198 80 104 36 58 145 4 7 42 85 180 133 68 158 35 100 135 130 10 119 89 172 94 139 63 116 186 107 126 93 5 22 67 86 136 0 141 144 28 121 149 8 160 45 109 190 131 34 134 87 46 49 199 59 124 187 33 72 37 174 113 128 2 176 138 195 84 98 170 54
6 44 56 23 188 99 132 196 17 15 154 140 157 120 161 123 81 14 192 105 18 65 90 88 150 183 185 111 70 97 163 102 83 152 147 178 122 127 71 48 189 38 118 108 96 101 146 69 148 142 191 1 64 156 13 91 125 193 112 143 110 82 9 153 179 75 171 57 77 103 106 41 181 27 92 25 169 43 159 114 19 52 16 29 79 21 61 165 197 164 26 51 73 151 117 53 66 129 55 167 50 3 173 115 12 31 162 47 76 137 155 11 62 177 182 24 30 166 40 175 194 39 74 95 78 184 32 20 60 168 198 80 104 36 58 145 4 7 42 85 180 133 68 158 35 100 135 130 10 119 89 172 94 139 63 116 186 107 126 93 5 22 67 86 136 0 141 144 28 121 149 8 160 45 109 190 131 34 134 87 46 49 199 59 124 187 33 72 37 174 113 128 2 176 138 195 84 98 170 54
